922
99
906
814
928
147
759
196
651
821
344
321
23
284
986
692
693
758
749
703
841
313
817
308
828
194
992
127
792
378
982
545
220
500
239
156
347
6
562
367
930
235
492
865
999
801
752
637
955
718
117
480
607
398
574
796
527
340
97
204
10
539
174
138
182
793
504
552
206
788
587
656
9
409
640
902
744
445
650
913
60
499
246
408
243
424
683
881
623
961
820
63
151
470
731
523
952
278
269
892
798
205
529
75
746
712
694
122
150
113
64
753
381
548
455
592
416
764
323
415
649
766
617
660
715
613
708
92
385
825
105
81
729
17
995
115
745
673
201
467
286
770
638
659
315
144
241
670
959
981
614
620
31
208
212
978
761
250
479
871
767
304
940
732
823
735
3
169
376
362
70
679
26
160
430
636
665
431
522
891
178
181
433
686
723
564
787
337
481
440
388
410
836
947
514
530
159
146
895
663
400
765
131
136
358
972
351
553
979
805
528
486
442
50
954
57
124
802
373
1
330
855
576
36
302
188
111
581
628
1000
157
484
366
242
266
521
260
516
349
738
120
534
71
421
599
535
352
254
407
14
719
951
678
91
747
847
329
728
789
95
985
477
563
831
772
247
971
301
590
342
454
190
300
993
59
78
816
537
162
687
218
98
192
631
468
648
741
483
589
944
402
626
885
713
275
869
512
193
72
326
622
571
643
44
0
682
726
425
661
494
960
513
835
888
101
360
849
887
666
34
600
910
698
840
270
432
316
756
66
880
963
62
225
934
596
898
506
24
921
236
844
882
899
336
779
289
538
797
255
515
211
890
394
696
542
395
475
533
702
325
815
167
740
633
448
784
148
532
667
51
627
83
794
540
671
482
346
629
276
318
89
941
213
511
471
299
900
710
734
525
839
852
472
932
399
214
305
609
459
100
404
228
695
838
285
411
531
705
280
310
457
339
450
646
856
948
546
268
575
674
209
55
775
604
179
37
768
769
824
406
371
38
624
165
996
697
110
777
303
625
733
557
610
262
700
799
937
964
393
541
560
133
808
56
848
608
873
594
32
258
355
231
283
846
364
968
809
994
102
771
507
903
22
183
807
372
368
652
699
264
684
287
20
380
345
990
826
605
143
969
790
611
782
584
451
957
267
309
870
77
897
724
19
21
860
240
851
762
998
931
414
498
80
911
422
126
737
923
975
30
437
369
152
175
988
40
863
791
428
52
186
894
466
357
474
173
328
256
200
933
69
219
973
645
114
245
229
917
958
676
405
25
709
87
559
526
776
862
536
578
878
721
170
757
915
39
427
312
413
88
554
295
730
319
811
469
976
202
195
834
520
842
524
189
15
478
103
85
354
601
390
496
118
727
568
291
632
41
277
417
128
675
237
7
509
141
974
714
502
956
198
93
163
965
434
441
544
67
261
249
616
210
962
350
356
517
868
518
332
618
654
154
603
508
680
443
335
591
86
585
48
314
748
912
754
187
53
602
155
438
331
691
273
324
505
876
109
939
619
61
73
82
185
297
938
379
580
348
2
664
132
549
566
397
227
149
238
583
172
853
615
914
436
359
926
125
28
419
658
8
556
458
813
634
936
949
612
104
760
803
320
463
919
543
96
837
54
567
272
449
446
274
588
896
377
905
139
374
253
717
452
145
822
288
606
884
203
58
439
774
180
112
547
582
281
704
561
987
875
487
123
943
343
647
783
153
137
685
701
43
690
221
176
383
572
341
711
950
387
854
107
279
129
672
46
927
142
750
893
830
234
271
35
621
858
292
929
465
94
4
742
812
391
116
134
551
293
569
353
298
444
743
866
140
639
967
997
889
908
327
121
363
886
382
5
365
461
16
883
119
226
42
45
688
361
751
11
850
375
806
857
338
244
681
248
725
845
795
384
966
668
456
158
306
476
171
669
420
558
579
184
781
736
833
13
33
662
655
804
901
644
106
27
904
429
570
317
296
642
991
311
495
503
79
593
780
164
635
65
207
916
953
859
707
630
586
396
389
257
161
984
827
519
233
491
230
877
510
294
879
843
49
907
983
489
166
946
217
829
739
403
18
130
677
90
251
370
924
657
867
786
401
778
224
832
598
259
573
215
223
785
263
595
550
322
488
47
980
453
135
918
473
493
872
800
307
460
29
920
925
290
909
935
970
252
720
497
555
68
232
763
597
197
191
435
464
942
864
755
462
653
392
282
565
222
861
386
418
819
412
333
810
12
977
76
74
426
874
485
501
334
168
108
577
818
84
689
199
722
989
447
716
490
945
216
706
265
177
773
423
641
