9999
9997
9994
9993
9984
9976
9975
9971
9963
9954
9951
9921
9905
9902
9900
9890
9859
9855
9850
9833
9800
9799
9791
9770
9763
9756
9752
9747
9725
9700
9698
9696
9691
9678
9673
9641
9633
9624
9618
9606
9602
9597
9593
9592
9580
9577
9547
9537
9523
9518
9512
9499
9498
9484
9465
9462
9461
9433
9426
9424
9414
9372
9371
9366
9365
9346
9341
9300
9298
9293
9289
9270
9261
9259
9255
9241
9237
9235
9228
9227
9207
9203
9181
9177
9142
9140
9139
9138
9133
9108
9085
9083
9077
9074
9055
9035
9030
9022
9016
9003
8998
8982
8980
8956
8955
8949
8901
8900
8894
8871
8870
8857
8846
8841
8837
8789
8779
8775
8772
8763
8753
8748
8745
8742
8714
8713
8707
8692
8674
8660
8652
8646
8631
8627
8626
8624
8621
8620
8613
8607
8606
8601
8596
8589
8586
8573
8571
8564
8558
8540
8494
8487
8457
8450
8436
8434
8431
8418
8414
8408
8392
8385
8383
8373
8357
8350
8347
8345
8343
8342
8336
8333
8330
8305
8300
8261
8233
8221
8207
8200
8197
8182
8181
8176
8169
8157
8150
8139
8133
8120
8119
8108
8103
8060
8054
8052
8051
8038
8036
8035
8032
8002
7995
7985
7971
7963
7953
7934
7933
7912
7909
7887
7883
7879
7874
7868
7866
7862
7854
7848
7846
7842
7826
7819
7816
7802
7764
7762
7755
7747
7736
7731
7730
7728
7724
7720
7713
7712
7701
7699
7696
7694
7686
7683
7681
7673
7672
7670
7663
7662
7660
7658
7651
7649
7639
7631
7620
7606
7598
7595
7592
7588
7580
7572
7570
7547
7542
7531
7517
7515
7472
7460
7459
7457
7448
7437
7404
7393
7380
7370
7368
7331
7319
7316
7312
7311
7307
7305
7303
7290
7280
7270
7248
7233
7232
7226
7221
7220
7205
7191
7187
7159
7158
7154
7153
7150
7137
7136
7131
7129
7126
7121
7104
7091
7073
7043
7027
7019
6994
6983
6955
6947
6909
6907
6873
6868
6854
6828
6827
6754
6749
6744
6725
6719
6718
6690
6689
6680
6676
6665
6656
6654
6651
6621
6606
6600
6596
6575
6571
6568
6567
6550
6545
6542
6536
6527
6522
6510
6506
6496
6491
6489
6484
6482
6467
6462
6455
6445
6438
6427
6422
6416
6379
6377
6376
6375
6364
6356
6351
6350
6348
6344
6339
6334
6318
6316
6304
6302
6296
6294
6293
6290
6287
6283
6269
6267
6235
6215
6213
6207
6206
6191
6190
6186
6184
6171
6166
6150
6145
6130
6122
6111
6089
6073
6064
6063
6051
6033
5988
5985
5978
5967
5966
5955
5938
5934
5931
5926
5921
5896
5895
5874
5870
5862
5853
5848
5838
5815
5790
5785
5757
5748
5747
5737
5735
5727
5716
5695
5692
5670
5658
5654
5651
5647
5638
5614
5599
5588
5574
5558
5540
5532
5517
5515
5508
5503
5483
5474
5468
5459
5447
5433
5431
5425
5417
5394
5384
5377
5376
5365
5360
5355
5351
5316
5311
5306
5299
5291
5279
5269
5262
5254
5249
5242
5233
5226
5216
5208
5206
5202
5201
5163
5159
5150
5149
5148
5146
5145
5142
5115
5113
5103
5089
5084
5080
5043
5032
5022
5011
4995
4991
4979
4978
4958
4944
4940
4921
4914
4911
4906
4895
4893
4878
4876
4858
4852
4843
4833
4819
4813
4812
4797
4795
4773
4754
4714
4689
4681
4679
4673
4670
4639
4630
4624
4622
4612
4607
4602
4601
4599
4589
4586
4572
4567
4549
4545
4536
4524
4514
4510
4499
4498
4496
4489
4488
4476
4470
4442
4421
4408
4405
4399
4391
4386
4376
4359
4348
4345
4337
4331
4323
4308
4305
4303
4297
4286
4279
4278
4236
4227
4194
4192
4176
4137
4128
4127
4118
4113
4108
4107
4104
4103
4097
4094
4091
4072
4062
4061
4039
4027
4021
4014
3997
3994
3989
3981
3978
3975
3964
3943
3939
3933
3932
3931
3929
3914
3905
3901
3882
3866
3846
3842
3830
3828
3800
3763
3755
3754
3752
3746
3735
3732
3729
3723
3719
3700
3689
3682
3657
3646
3640
3637
3634
3628
3619
3615
3613
3610
3607
3602
3601
3587
3585
3580
3568
3554
3546
3540
3507
3502
3484
3466
3462
3419
3415
3413
3401
3388
3373
3353
3352
3347
3334
3312
3307
3304
3303
3292
3268
3249
3247
3233
3223
3208
3202
3161
3145
3133
3127
3101
3097
3089
3082
3081
3080
3070
3066
3052
3049
3040
3030
3013
3011
3007
3005
2995
2973
2969
2962
2957
2954
2925
2902
2896
2895
2859
2856
2852
2850
2829
2826
2823
2812
2797
2781
2751
2750
2742
2739
2738
2703
2681
2667
2660
2655
2652
2639
2636
2630
2625
2607
2588
2584
2565
2553
2551
2544
2538
2525
2515
2500
2482
2471
2461
2456
2453
2449
2438
2402
2400
2399
2394
2382
2370
2362
2346
2345
2340
2339
2322
2316
2306
2304
2294
2291
2282
2277
2273
2270
2252
2242
2239
2231
2218
2208
2201
2192
2182
2174
2163
2152
2151
2132
2128
2127
2123
2113
2110
2104
2083
2080
2069
2065
2021
1988
1967
1961
1953
1938
1888
1882
1874
1873
1870
1865
1853
1841
1829
1827
1807
1804
1773
1757
1746
1737
1716
1695
1676
1669
1666
1663
1660
1654
1650
1644
1643
1615
1614
1604
1572
1555
1546
1540
1535
1533
1519
1514
1509
1508
1497
1485
1483
1468
1453
1451
1437
1427
1410
1409
1391
1372
1368
1298
1266
1259
1241
1228
1225
1221
1215
1209
1208
1207
1191
1180
1179
1165
1161
1135
1134
1120
1109
1101
1089
1080
1072
1070
1060
1058
1057
1051
1045
1033
1031
1027
1020
1018
1013
985
980
975
955
953
943
941
926
922
913
903
878
877
863
862
860
854
831
789
776
769
763
744
738
727
721
717
714
707
653
650
645
630
629
619
618
616
611
594
586
579
561
560
530
522
520
510
504
493
477
475
456
453
447
446
405
400
389
377
360
349
334
323
320
318
314
301
298
296
295
293
271
264
246
243
230
229
228
227
206
187
180
176
175
173
157
150
139
126
120
118
114
113
111
108
81
62
56
49
45
36
32
27
20
19
7
